2015211444 计算机网络 1 10028
2015211444 计算机网络 1 10028
2015211444 计算机网络 1 10028
2015211444 算法导论 8 10028
2015211444 算法导论 8 10028
2015211444 算法导论 9 10028
2015211444 算法导论 21 10028
2015211444 算法导论 22 10028
2015211444 计算机网络 22 10028
2015211444 计算机网络 22 10028
2015211444 计算机网络 22 10028
2015211444 计算机网络 23 10028
2015211444 计算机网络 3 10028
2015211444 计算机网络 10003 10028
2015211444 算法导论 10028 10028
2015211444 算法导论 10028 10028
2015211444 算法导论 10028 10028
2015211444 算法导论 10028 10028
2015211444 计算机网络 10028 10028
2015211444 计算机网络 10028 10028
2015211444 算法导论 10028 10028
2015211444 算法导论 10028 10028
2015211444 算法导论 10028 10028
2015211444 算法导论 10028 10028
2015211444 计算机网络 10028 0
