名为'张俊鹏'的读者，所在院系为'8 ',证件号码为'2015211444 '，与8借走了编号为'102800001 102800002 102800003 102800004 102800005 102800006 102800007 102800008 102800009 102800010 102800011 102800012 102800013 102800014 102800015 102800016 102800017 102800018 102800019 0 779602240 468 779599840 468 28 10 '的，书名为'算法导论'的，由'thccl'编辑，'28 '出版，共借走了1本，当前总量为：19
名为'张俊鹏'的读者，所在院系为'8 ',证件号码为'2015211444 '，与8借走了编号为'102800001 102800002 102800003 102800004 102800005 102800006 102800007 102800008 102800009 102800010 102800011 102800012 102800013 102800014 102800015 102800016 102800017 102800018 102800019 0 779602240 468 779599840 468 28 10 '的，书名为'算法导论'的，由'thccl'编辑，'28 '出版，共借走了1本，当前总量为：19
名为'张俊鹏'的读者，所在院系为'8 ',证件号码为'2015211444 '，与8借走了编号为'102800001 102800002 102800003 102800004 102800005 102800006 102800007 102800008 102800009 102800010 102800011 102800012 102800013 102800014 102800015 102800016 102800017 102800018 102800019 0 779602240 468 779599840 468 28 10 '的，书名为'算法导论'的，由'thccl'编辑，'28 '出版，共还回来了1本，当前总量为：19
名为'张俊鹏'的读者，所在院系为'8 ',证件号码为'2015211444 '，与9借走了编号为'102800001 102800002 102800003 102800004 102800005 102800006 102800007 102800008 102800009 102800010 102800011 102800012 102800013 102800014 102800015 102800016 102800017 102800018 102800019 0 565408800 528 565406688 528 28 10 '的，书名为'算法导论'的，由'thccl'编辑，'28 '出版，共借走了1本，当前总量为：19
名为'张俊鹏'的读者，所在院系为'8 ',证件号码为'2015211444 '，与9借走了编号为'102800001 102800002 102800003 102800004 102800005 102800006 102800007 102800008 102800009 102800010 102800011 102800012 102800013 102800014 102800015 102800016 102800017 102800018 102800019 0 565408800 528 565406688 528 28 10 '的，书名为'算法导论'的，由'thccl'编辑，'28 '出版，共还回来了1本，当前总量为：19
名为'张俊鹏'的读者，所在院系为'8 ',证件号码为'2015211444 '，与9借走了编号为'102800001 102800002 102800003 102800004 102800005 102800006 102800007 102800008 102800009 102800010 102800011 102800012 102800013 102800014 102800015 102800016 102800017 102800018 102800019 0 565408800 528 565406688 528 28 10 '的，书名为'算法导论'的，由'thccl'编辑，'28 '出版，共还回来了1本，当前总量为：19
名为'张俊鹏'的读者，所在院系为'8 ',证件号码为'2015211444 '，与21借走了编号为'102800001 102800002 102800003 102800004 102800005 102800006 102800007 102800008 102800009 102800010 102800011 102800012 102800013 102800014 102800015 102800016 102800017 102800018 102800019 0 -561690928 511 -561689008 511 28 10 '的，书名为'算法导论'的，由'thccl'编辑，'28 '出版，共借走了1本，当前总量为：19
名为'张俊鹏'的读者，所在院系为'8 ',证件号码为'2015211444 '，与21借走了编号为'101200020 101200021 101200022 101200023 101200024 101200025 101200026 101200027 101200028 101200029 101200030 101200031 0 0 0 0 0 0 0 0 -561688144 511 -561690736 511 12 10 '的，书名为'计算机网络'的，由'ast'编辑，'12 '出版，共还回来了1本，当前总量为：12
名为'张俊鹏'的读者，所在院系为'8 ',证件号码为'2015211444 '，与21借走了编号为'102800001 102800002 102800003 102800004 102800005 102800006 102800007 102800008 102800009 102800010 102800011 102800012 102800013 102800014 102800015 102800016 102800017 102800018 102800019 0 2036499296 511 2036500256 511 28 10 '的，书名为'算法导论'的，由'thccl'编辑，'28 '出版，共借走了1本，当前总量为：19
名为'张俊鹏'的读者，所在院系为'8 ',证件号码为'2015211444 '，与21借走了编号为'101200020 101200021 101200022 101200023 101200024 101200025 101200026 101200027 101200028 101200029 101200030 101200031 0 0 0 0 0 0 0 0 2036500448 511 2036501120 511 12 10 '的，书名为'计算机网络'的，由'ast'编辑，'12 '出版，共还回来了1本，当前总量为：12
名为'张俊鹏'的读者，所在院系为'8 ',证件号码为'2015211444 '，与21借走了编号为'102800001 102800002 102800003 102800004 102800005 102800006 102800007 102800008 102800009 102800010 102800011 102800012 102800013 102800014 102800015 102800016 102800017 102800018 102800019 0 399193872 377 399193104 377 28 10 '的，书名为'算法导论'的，由'thccl'编辑，'28 '出版，共借走了1本，当前总量为：19
名为'张俊鹏'的读者，所在院系为'8 ',证件号码为'2015211444 '，与21借走了编号为'102800001 102800002 102800003 102800004 102800005 102800006 102800007 102800008 102800009 102800010 102800011 102800012 102800013 102800014 102800015 102800016 102800017 102800018 102800019 0 -1782921152 420 -1782921056 420 28 10 '的，书名为'算法导论'的，由'thccl'编辑，'28 '出版，共借走了1本，当前总量为：19
名为'张俊鹏'的读者，所在院系为'8 ',证件号码为'2015211444 '，与21借走了编号为'101200020 101200021 101200022 101200023 101200024 101200025 101200026 101200027 101200028 101200029 101200030 101200031 0 0 0 0 0 0 0 0 -1782920960 420 -1782920864 420 12 10 '的，书名为'计算机网络'的，由'ast'编辑，'12 '出版，共还回来了1本，当前总量为：12
名为'张俊鹏'的读者，所在院系为'8 ',证件号码为'2015211444 '，与21借走了编号为'102800001 102800002 102800003 102800004 102800005 102800006 102800007 102800008 102800009 102800010 102800011 102800012 102800013 102800014 102800015 102800016 102800017 102800018 102800019 0 1089396848 541 1089447216 541 28 10 '的，书名为'算法导论'的，由'thccl'编辑，'28 '出版，共借走了1本，当前总量为：19
名为'张俊鹏'的读者，所在院系为'8 ',证件号码为'2015211444 '，与21借走了编号为'101200020 101200021 101200022 101200023 101200024 101200025 101200026 101200027 101200028 101200029 101200030 101200031 0 0 0 0 0 0 0 0 1089446928 541 1089447120 541 12 10 '的，书名为'计算机网络'的，由'ast'编辑，'12 '出版，共还回来了1本，当前总量为：12
名为'张俊鹏'的读者，所在院系为'8 ',证件号码为'2015211444 '，与21借走了编号为'102800001 102800002 102800003 102800004 102800005 102800006 102800007 102800008 102800009 102800010 102800011 102800012 102800013 102800014 102800015 102800016 102800017 102800018 102800019 0 929591088 446 929592528 446 28 10 '的，书名为'算法导论'的，由'thccl'编辑，'28 '出版，共借走了1本，当前总量为：19
名为'张俊鹏'的读者，所在院系为'8 ',证件号码为'2015211444 '，与21借走了编号为'101200020 101200021 101200022 101200023 101200024 101200025 101200026 101200027 101200028 101200029 101200030 101200031 0 0 0 0 0 0 0 0 929592624 446 929592816 446 12 10 '的，书名为'计算机网络'的，由'ast'编辑，'12 '出版，共还回来了1本，当前总量为：12
名为'张俊鹏'的读者，所在院系为'8 ',证件号码为'2015211444 '，与21借走了编号为'102800001 102800002 102800003 102800004 102800005 102800006 102800007 102800008 102800009 102800010 102800011 102800012 102800013 102800014 102800015 102800016 102800017 102800018 102800019 0 -372323840 490 -372326624 490 28 10 '的，书名为'算法导论'的，由'thccl'编辑，'28 '出版，共借走了1本，当前总量为：19
名为'张俊鹏'的读者，所在院系为'8 ',证件号码为'2015211444 '，与21借走了编号为'101200020 101200021 101200022 101200023 101200024 101200025 101200026 101200027 101200028 101200029 101200030 101200031 0 0 0 0 0 0 0 0 -372324416 490 -372324320 490 12 10 '的，书名为'计算机网络'的，由'ast'编辑，'12 '出版，共还回来了1本，当前总量为：12
名为'张俊鹏'的读者，所在院系为'8 ',证件号码为'2015211444 '，与21借走了编号为'102800001 102800002 102800003 102800004 102800005 102800006 102800007 102800008 102800009 102800010 102800011 102800012 102800013 102800014 102800015 102800016 102800017 102800018 102800019 0 -372323840 490 -372326624 490 28 10 '的，书名为'算法导论'的，由'thccl'编辑，'28 '出版，共还回来了1本，当前总量为：19
名为'张俊鹏'的读者，所在院系为'8 ',证件号码为'2015211444 '，与22借走了编号为'102800001 102800002 102800003 102800004 102800005 102800006 102800007 102800008 102800009 102800010 102800011 102800012 102800013 102800014 102800015 102800016 102800017 102800018 102800019 0 -1165197248 651 -1165196192 651 28 10 '的，书名为'算法导论'的，由'thccl'编辑，'28 '出版，共借走了1本，当前总量为：19
名为'张俊鹏'的读者，所在院系为'8 ',证件号码为'2015211444 '，与22借走了编号为'101200020 101200021 101200022 101200023 101200024 101200025 101200026 101200027 101200028 101200029 101200030 101200031 0 0 0 0 0 0 0 0 1821069872 431 1821070736 431 12 10 '的，书名为'计算机网络'的，由'ast'编辑，'12 '出版，共借走了1本，当前总量为：12
名为'张俊鹏'的读者，所在院系为'8 ',证件号码为'2015211444 '，与22借走了编号为'101200020 101200021 101200022 101200023 101200024 101200025 101200026 101200027 101200028 101200029 101200030 101200031 0 0 0 0 0 0 0 0 1821069872 431 1821070736 431 12 10 '的，书名为'计算机网络'的，由'ast'编辑，'12 '出版，共借走了1本，当前总量为：12
名为'张俊鹏'的读者，所在院系为'8 ',证件号码为'2015211444 '，与22借走了编号为'101200020 101200021 101200022 101200023 101200024 101200025 101200026 101200027 101200028 101200029 101200030 101200031 0 0 0 0 0 0 0 0 1821069872 431 1821070736 431 12 10 '的，书名为'计算机网络'的，由'ast'编辑，'12 '出版，共还回来了1本，当前总量为：12
名为'张俊鹏'的读者，所在院系为'8 ',证件号码为'2015211444 '，与22借走了编号为'102800001 102800002 102800003 102800004 102800005 102800006 102800007 102800008 102800009 102800010 102800011 102800012 102800013 102800014 102800015 102800016 102800017 102800018 102800019 0 1821070448 431 1821072944 431 28 10 '的，书名为'算法导论'的，由'thccl'编辑，'28 '出版，共还回来了1本，当前总量为：19
名为'张俊鹏'的读者，所在院系为'8 ',证件号码为'2015211444 '，与22借走了编号为'101200020 101200021 101200022 101200023 101200024 101200025 101200026 101200027 101200028 101200029 101200030 101200031 0 0 0 0 0 0 0 0 1821069872 431 1821070736 431 12 10 '的，书名为'计算机网络'的，由'ast'编辑，'12 '出版，共借走了1本，当前总量为：12
名为'张俊鹏'的读者，所在院系为'8 ',证件号码为'2015211444 '，与23借走了编号为'101200020 101200021 101200022 101200023 101200024 101200025 101200026 101200027 101200028 101200029 101200030 101200031 0 0 0 0 0 0 0 0 -1934594720 513 -1934594624 513 12 10 '的，书名为'计算机网络'的，由'ast'编辑，'12 '出版，共借走了1本，当前总量为：12
名为'张俊鹏'的读者，所在院系为'8 ',证件号码为'2015211444 '，与10023借走了编号为'101200020 101200021 101200022 101200023 101200024 101200025 101200026 101200027 101200028 101200029 101200030 101200031 0 0 0 0 0 0 0 0 -1934594720 513 -1934594624 513 12 10 '的，书名为'计算机网络'的，由'ast'编辑，'12 '出版，共还回来了1本，当前总量为：12
名为'张俊鹏'的读者，所在院系为'8 ',证件号码为'2015211444 '，与3借走了编号为'101200020 101200021 101200022 101200023 101200024 101200025 101200026 101200027 101200028 101200029 101200030 101200031 0 0 0 0 0 0 0 0 -1611142464 701 -1611142560 701 12 10 '的，书名为'计算机网络'的，由'ast'编辑，'12 '出版，共借走了1本，当前总量为：12
名为'张俊鹏'的读者，所在院系为'8 ',证件号码为'2015211444 '，与3借走了编号为'101200020 101200021 101200022 101200023 101200024 101200025 101200026 101200027 101200028 101200029 101200030 101200031 0 0 0 0 0 0 0 0 -1611142464 701 -1611142560 701 12 10 '的，书名为'计算机网络'的，由'ast'编辑，'12 '出版，共还回来了1本，当前总量为：12
名为'张俊鹏'的读者，所在院系为'8 ',证件号码为'2015211444 '，与10003借走了编号为'101200020 101200021 101200022 101200023 101200024 101200025 101200026 101200027 101200028 101200029 101200030 101200031 0 0 0 0 0 0 0 0 1843762112 592 1843762208 592 12 10 '的，书名为'计算机网络'的，由'ast'编辑，'12 '出版，共借走了1本，当前总量为：12
名为'张俊鹏'的读者，所在院系为'8 ',证件号码为'2015211444 '，与10003借走了编号为'101200020 101200021 101200022 101200023 101200024 101200025 101200026 101200027 101200028 101200029 101200030 101200031 0 0 0 0 0 0 0 0 1843762112 592 1843762208 592 12 10 '的，书名为'计算机网络'的，由'ast'编辑，'12 '出版，共还回来了1本，当前总量为：12
名为'张俊鹏'的读者，所在院系为'8 ',证件号码为'2015211444 '，与10028借走了编号为'102800001 102800002 102800003 102800004 102800005 102800006 102800007 102800008 102800009 102800010 102800011 102800012 102800013 102800014 102800015 102800016 102800017 102800018 102800019 0 1843761632 592 1843759808 592 28 10 '的，书名为'算法导论'的，由'thccl'编辑，'28 '出版，共借走了1本，当前总量为：19
名为'张俊鹏'的读者，所在院系为'8 ',证件号码为'2015211444 '，与10028借走了编号为'102800001 102800002 102800003 102800004 102800005 102800006 102800007 102800008 102800009 102800010 102800011 102800012 102800013 102800014 102800015 102800016 102800017 102800018 102800019 0 1843761632 592 1843759808 592 28 10 '的，书名为'算法导论'的，由'thccl'编辑，'28 '出版，共还回来了1本，当前总量为：19
名为'张俊鹏'的读者，所在院系为'8 ',证件号码为'2015211444 '，与10028借走了编号为'102800001 102800002 102800003 102800004 102800005 102800006 102800007 102800008 102800009 102800010 102800011 102800012 102800013 102800014 102800015 102800016 102800017 102800018 102800019 0 154122144 464 154122240 464 28 10 '的，书名为'算法导论'的，由'thccl'编辑，'28 '出版，共借走了1本，当前总量为：19
名为'张俊鹏'的读者，所在院系为'8 ',证件号码为'2015211444 '，与10028借走了编号为'101200020 101200021 101200022 101200023 101200024 101200025 101200026 101200027 101200028 101200029 101200030 101200031 0 0 0 0 0 0 0 0 154122624 464 154123008 464 12 10 '的，书名为'计算机网络'的，由'ast'编辑，'12 '出版，共还回来了1本，当前总量为：12
名为'张俊鹏'的读者，所在院系为'8 ',证件号码为'2015211444 '，与10028借走了编号为'101200020 101200021 101200022 101200023 101200024 101200025 101200026 101200027 101200028 101200029 101200030 101200031 0 0 0 0 0 0 0 0 154122624 464 154123008 464 12 10 '的，书名为'计算机网络'的，由'ast'编辑，'12 '出版，共还回来了1本，当前总量为：12
名为'张俊鹏'的读者，所在院系为'8 ',证件号码为'2015211444 '，与10028借走了编号为'101200020 101200021 101200022 101200023 101200024 101200025 101200026 101200027 101200028 101200029 101200030 101200031 0 0 0 0 0 0 0 0 154122624 464 154123008 464 12 10 '的，书名为'计算机网络'的，由'ast'编辑，'12 '出版，共还回来了1本，当前总量为：12
名为'张俊鹏'的读者，所在院系为'8 ',证件号码为'2015211444 '，与10028借走了编号为'102800001 102800002 102800003 102800004 102800005 102800006 102800007 102800008 102800009 102800010 102800011 102800012 102800013 102800014 102800015 102800016 102800017 102800018 102800019 0 154122144 464 154122240 464 28 10 '的，书名为'算法导论'的，由'thccl'编辑，'28 '出版，共还回来了1本，当前总量为：19
名为'张俊鹏'的读者，所在院系为'8 ',证件号码为'2015211444 '，与10028借走了编号为'102800001 102800002 102800003 102800004 102800005 102800006 102800007 102800008 102800009 102800010 102800011 102800012 102800013 102800014 102800015 102800016 102800017 102800018 102800019 0 -919860496 643 -919861552 643 28 10 '的，书名为'算法导论'的，由'thccl'编辑，'28 '出版，共借走了1本，当前总量为：19
名为'张俊鹏'的读者，所在院系为'8 ',证件号码为'2015211444 '，与10028借走了编号为'102800001 102800002 102800003 102800004 102800005 102800006 102800007 102800008 102800009 102800010 102800011 102800012 102800013 102800014 102800015 102800016 102800017 102800018 102800019 0 -919860496 643 -919861552 643 28 10 '的，书名为'算法导论'的，由'thccl'编辑，'28 '出版，共借走了1本，当前总量为：19
名为'张俊鹏'的读者，所在院系为'8 ',证件号码为'2015211444 '，与10028借走了编号为'102800001 102800002 102800003 102800004 102800005 102800006 102800007 102800008 102800009 102800010 102800011 102800012 102800013 102800014 102800015 102800016 102800017 102800018 102800019 0 -285377392 669 -285373936 669 28 10 '的，书名为'算法导论'的，由'thccl'编辑，'28 '出版，共还回来了1本，当前总量为：19
名为'张俊鹏'的读者，所在院系为'8 ',证件号码为'2015211444 '，与10028借走了编号为'101200020 101200021 101200022 101200023 101200024 101200025 101200026 101200027 101200028 101200029 101200030 101200031 0 0 0 0 0 0 0 0 -285377296 669 -285376528 669 12 10 '的，书名为'计算机网络'的，由'ast'编辑，'12 '出版，共借走了1本，当前总量为：12
名为'张俊鹏'的读者，所在院系为'8 ',证件号码为'2015211444 '，与10028借走了编号为'101200020 101200021 101200022 101200023 101200024 101200025 101200026 101200027 101200028 101200029 101200030 101200031 0 0 0 0 0 0 0 0 -285377296 669 -285376528 669 12 10 '的，书名为'计算机网络'的，由'ast'编辑，'12 '出版，共借走了1本，当前总量为：12
名为'张俊鹏'的读者，所在院系为'8 ',证件号码为'2015211444 '，与10028借走了编号为'101200020 101200021 101200022 101200023 101200024 101200025 101200026 101200027 101200028 101200029 101200030 101200031 0 0 0 0 0 0 0 0 -1814789904 592 -1814789520 592 12 10 '的，书名为'计算机网络'的，由'ast'编辑，'12 '出版，共还回来了1本，当前总量为：12
名为'张俊鹏'的读者，所在院系为'8 ',证件号码为'2015211444 '，与10028借走了编号为'102800001 102800002 102800003 102800004 102800005 102800006 102800007 102800008 102800009 102800010 102800011 102800012 102800013 102800014 102800015 102800016 102800017 102800018 102800019 0 -1249804976 708 -1249804784 708 28 10 '的，书名为'算法导论'的，由'thccl'编辑，'28 '出版，共借走了1本，当前总量为：19
名为'张俊鹏'的读者，所在院系为'8 ',证件号码为'2015211444 '，与10028借走了编号为'101200020 101200021 101200022 101200023 101200024 101200025 101200026 101200027 101200028 101200029 101200030 101200031 0 0 0 0 0 0 0 0 -1249802960 708 -1249804496 708 12 10 '的，书名为'计算机网络'的，由'ast'编辑，'12 '出版，共还回来了1本，当前总量为：12
名为'张俊鹏'的读者，所在院系为'8 ',证件号码为'2015211444 '，与10028借走了编号为'102800001 102800002 102800003 102800004 102800005 102800006 102800007 102800008 102800009 102800010 102800011 102800012 102800013 102800014 102800015 102800016 102800017 102800018 102800019 0 -1249804976 708 -1249804784 708 28 10 '的，书名为'算法导论'的，由'thccl'编辑，'28 '出版，共还回来了1本，当前总量为：19
名为'张俊鹏'的读者，所在院系为'8 ',证件号码为'2015211444 '，与10028借走了编号为'102800001 102800002 102800003 102800004 102800005 102800006 102800007 102800008 102800009 102800010 102800011 102800012 102800013 102800014 102800015 102800016 102800017 102800018 102800019 0 -1249804976 708 -1249804784 708 28 10 '的，书名为'算法导论'的，由'thccl'编辑，'28 '出版，共还回来了1本，当前总量为：19
名为'张俊鹏'的读者，所在院系为'8 ',证件号码为'2015211444 '，与10028借走了编号为'102800001 102800002 102800003 102800004 102800005 102800006 102800007 102800008 102800009 102800010 102800011 102800012 102800013 102800014 102800015 102800016 102800017 102800018 102800019 0 -1115170432 569 -1115170240 569 28 10 '的，书名为'算法导论'的，由'thccl'编辑，'28 '出版，共借走了1本，当前总量为：19
名为'张俊鹏'的读者，所在院系为'8 ',证件号码为'2015211444 '，与10028借走了编号为'102800001 102800002 102800003 102800004 102800005 102800006 102800007 102800008 102800009 102800010 102800011 102800012 102800013 102800014 102800015 102800016 102800017 102800018 102800019 0 -1115170432 569 -1115170240 569 28 10 '的，书名为'算法导论'的，由'thccl'编辑，'28 '出版，共借走了1本，当前总量为：19
名为'张俊鹏'的读者，所在院系为'8 ',证件号码为'2015211444 '，与10028借走了编号为'102800001 102800002 102800003 102800004 102800005 102800006 102800007 102800008 102800009 102800010 102800011 102800012 102800013 102800014 102800015 102800016 102800017 102800018 102800019 0 -1115170432 569 -1115170240 569 28 10 '的，书名为'算法导论'的，由'thccl'编辑，'28 '出版，共还回来了1本，当前总量为：19
名为'张俊鹏'的读者，所在院系为'8 ',证件号码为'2015211444 '，与10028借走了编号为'102800001 102800002 102800003 102800004 102800005 102800006 102800007 102800008 102800009 102800010 102800011 102800012 102800013 102800014 102800015 102800016 102800017 102800018 102800019 0 -455374576 474 -455373040 474 28 10 '的，书名为'算法导论'的，由'thccl'编辑，'28 '出版，共借走了1本，当前总量为：19
名为'张俊鹏'的读者，所在院系为'8 ',证件号码为'2015211444 '，与10028借走了编号为'102800001 102800002 102800003 102800004 102800005 102800006 102800007 102800008 102800009 102800010 102800011 102800012 102800013 102800014 102800015 102800016 102800017 102800018 102800019 0 1465450176 559 1465447296 559 28 10 '的，书名为'算法导论'的，由'thccl'编辑，'28 '出版，共还回来了1本，当前总量为：19
名为'张俊鹏'的读者，所在院系为'8 ',证件号码为'2015211444 '，与10028借走了编号为'101200020 101200021 101200022 101200023 101200024 101200025 101200026 101200027 101200028 101200029 101200030 101200031 0 0 0 0 0 0 0 0 1465447392 559 1465447680 559 12 10 '的，书名为'计算机网络'的，由'ast'编辑，'12 '出版，共借走了1本，当前总量为：12
名为'张俊鹏'的读者，所在院系为'8 ',证件号码为'2015211444 '，与10028借走了编号为'102800001 102800002 102800003 102800004 102800005 102800006 102800007 102800008 102800009 102800010 102800011 102800012 102800013 102800014 102800015 102800016 102800017 102800018 102800019 0 571050304 284 571052608 284 28 10 '的，书名为'算法导论'的，由'thccl'编辑，'28 '出版，共还回来了1本，当前总量为：19
